4000 10000
606 2377
783 3856
175 8932
161 2425
962 3834
967 2019
654 9427
217 3149
770 7450
223 9887
404 4935
833 4139
160 3804
124 2125
471 5494
870 1233
88 8428
711 7004
429 3262
448 9871
242 6742
168 1414
914 7895
696 384
270 5683
617 6918
409 1673
829 801
926 2568
413 6952
536 8748
175 2282
286 9624
237 7237
460 8714
807 2684
449 1701
947 7974
357 1363
45 7642
912 4979
3 4014
814 8320
239 4831
134 4091
838 1651
284 2670
645 6364
601 9569
634 7881
565 7060
112 6440
413 1013
727 1058
51 9122
452 2124
137 5962
633 3454
637 7302
745 7871
873 9122
143 582
946 6157
725 6787
668 6898
309 6711
150 5232
596 1772
829 3915
36 1323
446 4231
545 9839
644 5934
587 7177
400 632
754 7331
913 7272
428 7896
683 1210
459 5505
215 5702
285 1119
890 1716
630 9880
554 2070
300 5017
855 999
284 9196
725 851
482 2871
553 4124
747 1235
483 817
26 7527
383 6517
218 2836
954 7949
664 9502
733 6843
912 1646
14 3287
637 1564
759 4221
71 3921
143 3483
958 6552
139 9695
512 1705
583 9621
137 8889
725 4965
265 4706
207 5678
873 8928
925 9939
577 7784
347 6291
511 214
134 6458
940 5581
484 7276
970 250
306 2622
594 3833
722 3888
204 1082
787 4446
475 4468
747 6345
636 5347
131 6672
962 2212
425 8829
286 9824
756 2910
185 1578
827 239
213 3507
339 132
371 7806
240 60
857 5574
41 7378
723 7332
678 6139
162 2710
921 2160
341 2123
298 3698
607 2626
555 53
292 3144
2 8733
216 5856
661 6692
104 5586
511 5252
630 3960
291 7551
42 2704
413 321
832 9203
678 6685
734 6172
150 5975
28 9693
836 5704
789 2671
526 2189
880 6004
590 8538
790 1983
943 9100
3 6419
474 3585
257 9396
598 886
922 9089
612 6275
250 656
348 6761
817 8277
947 9535
723 9605
608 5824
361 602
937 3549
1 8150
920 1231
167 8355
750 6393
630 1424
864 2699
974 7552
559 8475
236 1223
851 4906
440 404
8 3149
972 6162
115 1967
868 3332
834 2051
633 7220
574 5105
850 800
223 9675
373 7831
382 5438
912 7698
272 9940
197 5499
902 7474
622 5636
149 2261
228 5945
629 1264
666 6095
314 9814
918 5651
450 5239
265 9119
950 5024
461 9989
687 8683
975 724
223 9310
784 6171
159 8476
737 3757
54 6307
922 1316
762 1682
847 9940
590 7075
665 2764
235 2039
62 6281
269 5184
866 3874
949 307
617 8840
11 3523
999 2752
860 3169
827 9087
402 8913
946 9749
688 4163
589 4792
908 1629
667 2605
885 2142
325 7080
305 5153
812 7542
382 8253
776 7780
883 7744
264 126
212 9742
7 3090
190 9613
127 1952
744 5229
857 7715
319 7003
144 6875
306 9203
707 2820
361 7610
863 8870
649 3094
837 3990
115 3531
625 4452
542 3326
290 4631
582 3083
664 9416
130 9677
31 1520
747 3800
354 2174
345 5052
662 60
282 8058
151 4876
217 1930
813 1988
439 9331
8 1437
67 332
767 4649
64 9000
29 4430
301 7545
344 8059
585 7047
99 697
108 7929
986 1112
987 2389
671 7137
476 1203
885 8835
271 8266
950 2244
892 2689
40 1068
497 955
499 3068
127 7797
196 6194
242 4063
991 3294
405 6701
442 4329
817 6743
297 6112
946 9644
261 1181
424 1568
608 9210
277 315
621 8647
715 2125
274 2471
664 9193
255 7469
114 8257
957 1597
925 7870
612 6750
213 93
736 5260
792 510
77 349
558 6215
881 2684
683 6187
663 6853
323 9397
941 936
756 4338
594 4547
143 1869
738 3902
652 8420
512 701
312 9864
374 4600
948 5103
669 8802
838 857
395 549
753 5520
268 8058
345 3075
412 2560
106 101
969 6357
611 3248
667 8059
111 7262
477 6531
482 7423
525 202
356 8781
637 194
94 3193
64 3032
441 847
273 2683
242 2785
885 4037
393 2347
594 1206
264 7003
616 3613
495 726
148 445
998 3976
756 7025
218 2353
897 8744
127 663
509 3312
994 5567
704 8134
170 1235
933 3940
145 8914
269 1879
491 760
486 9236
32 8337
312 5985
9 3030
734 1419
162 226
241 9983
294 8289
207 5101
234 5640
226 1262
202 5403
669 3159
37 346
458 2937
524 6879
215 8943
279 4556
585 7526
296 4288
865 5670
652 5457
97 8105
206 8946
937 6656
917 2791
546 4162
320 3118
816 5214
502 8708
586 7273
567 3025
580 800
677 3845
484 1516
186 9972
781 1701
805 2837
134 8229
236 9362
153 9070
232 9153
622 6698
263 6903
611 4789
413 2764
140 7548
700 7331
528 9720
587 9376
700 2011
711 4772
961 3832
412 9868
581 2094
164 9648
152 4085
134 747
1 125
914 5396
511 5963
511 9678
9 6651
722 8210
937 4536
546 308
432 5988
171 6609
828 5392
485 4583
582 8408
845 5000
98 5733
857 5978
374 2451
413 7122
800 5884
886 1923
484 3808
695 1607
267 6773
112 7592
200 9698
441 1635
217 3379
787 5277
629 6798
882 631
608 8726
176 4738
212 4333
569 5941
215 1363
522 1806
413 699
823 6216
807 8031
80 9286
920 4359
737 1872
148 3488
285 9523
505 3776
854 9166
256 9465
149 6381
321 4819
181 3069
875 6536
586 7702
917 4639
669 7408
45 4075
433 3100
971 3965
452 6170
44 2118
246 4089
606 4901
717 1099
479 6213
31 865
934 9800
335 7211
264 8808
446 6272
31 1532
607 2466
565 3075
391 4039
208 6887
356 843
283 8604
504 7601
699 888
101 4220
84 2530
329 4483
694 5369
528 5015
286 9309
841 3973
790 1316
742 6447
485 4706
592 4133
327 7045
648 6948
900 2609
848 5503
722 9599
128 3300
783 1157
878 808
174 5828
136 3405
730 9811
478 5976
774 6519
225 8219
351 9259
655 9168
467 29
637 4654
156 3367
317 8837
488 6229
737 1444
603 6270
449 6614
19 7128
938 9937
912 3748
266 4415
633 1038
296 7842
362 1336
364 9302
307 5828
194 353
541 6814
42 4862
657 4028
650 6778
392 1259
386 5098
34 9762
509 5323
89 7298
335 126
320 5074
761 4982
635 7681
508 4124
828 941
754 9054
915 6368
396 7147
924 6572
182 7045
494 3667
428 8920
594 9880
177 3288
414 6683
756 1863
196 7733
765 4516
991 3830
122 5272
677 2171
538 8875
373 944
867 5285
681 6296
315 8048
967 7175
54 6094
382 7561
595 582
796 9147
231 8702
569 1991
172 4995
618 911
81 3293
519 3647
590 7971
607 891
538 4808
855 8288
814 6204
298 6174
86 8867
800 8031
529 680
733 4595
937 3111
457 5301
211 5108
752 7426
72 5644
614 9622
864 2013
820 3220
859 401
957 6027
200 9672
538 1606
988 2285
316 689
283 9516
978 1400
700 8219
678 3434
859 9262
905 4429
50 8283
295 4870
442 913
666 7115
141 2300
972 622
579 1692
328 6861
902 4566
81 5995
394 9184
755 9410
843 445
58 3432
213 53
335 7315
184 4614
527 4982
448 2977
277 9544
517 1588
631 3600
812 5095
660 9958
304 713
897 92
501 9697
493 3
786 8695
747 2550
864 3998
612 3434
415 2048
24 490
33 6862
801 6652
251 6549
643 783
740 7063
127 7654
745 9395
91 4023
377 3597
291 5583
132 163
512 7389
822 7996
395 5475
964 5588
801 7770
422 2348
896 3601
383 1024
438 6890
895 1474
868 8565
939 8639
235 6310
244 5668
830 877
266 2728
723 2693
168 9087
675 3469
238 4131
479 3475
428 2011
387 1726
968 4162
988 3824
740 5862
853 9207
869 7679
346 9439
316 112
839 5527
219 8581
667 9913
381 6386
869 8693
520 971
333 3347
424 8299
460 8719
543 6391
605 799
6 1282
312 9457
895 8226
337 5009
535 9210
790 7528
440 5106
491 1809
853 7173
495 8359
57 5372
670 3827
546 5833
223 2482
280 1440
73 7179
635 9637
862 4385
393 1882
91 2551
78 9928
33 5233
393 3869
393 2875
586 6597
969 1887
66 1994
826 1990
823 963
402 6401
579 4103
91 1474
858 6566
447 4305
855 1603
882 5889
473 3284
504 9266
140 7217
814 897
135 6077
423 2134
123 7552
514 2248
1000 4946
400 915
741 4931
496 1842
146 4598
552 6294
182 9352
987 433
698 6007
223 2491
387 8190
618 7036
169 8873
425 5040
288 9644
941 4938
205 8639
569 2692
885 945
894 5064
357 7031
734 4446
878 9891
249 1721
563 928
117 5471
859 301
173 9734
774 4379
22 1949
887 8413
51 1314
357 5443
387 6972
35 1242
624 8280
725 9744
986 7357
429 3955
234 8234
56 5991
291 350
435 8914
293 1816
764 7560
324 3666
332 650
92 9375
698 1688
929 8830
110 4732
827 7552
261 6186
492 3164
397 6689
32 7725
426 1453
718 5322
137 7213
772 6362
380 901
902 7096
822 7711
398 346
175 5519
602 8679
230 2636
174 3781
944 7490
531 8017
94 4693
497 9562
235 6519
731 5566
928 8372
624 4855
950 8307
17 3525
222 1123
993 1766
444 5749
736 5946
726 3026
867 6261
278 3022
714 3749
310 6371
241 6562
127 4545
268 9324
178 406
712 4891
767 2479
953 1080
198 1341
89 2945
890 5993
18 8176
437 4968
989 2237
985 8714
436 2054
967 5647
191 7028
351 7093
499 5810
52 528
358 2562
642 1818
510 9310
254 2839
831 6598
774 7496
463 4201
789 5562
627 451
856 8773
419 2062
441 3822
266 961
122 1792
671 4764
678 173
343 4381
690 7319
509 7852
802 2296
791 1691
243 1927
488 8605
407 5031
804 8114
527 4262
83 4574
887 1967
110 5348
464 5008
181 5133
513 141
811 3523
726 9554
849 6671
361 8527
805 7991
595 604
634 4292
405 2001
262 5789
363 5283
602 696
396 2249
256 63
195 8859
351 8788
662 1059
613 5513
183 6388
266 2461
804 543
498 8071
714 3398
399 9484
272 7471
753 8012
60 1986
586 6354
417 7455
665 4194
981 7963
22 4367
879 1643
382 5986
446 2061
603 1999
69 5249
999 6453
936 8783
605 6749
760 1207
545 5357
63 6171
625 130
323 831
145 6289
655 3656
298 4166
151 6885
945 6031
29 4949
549 7900
352 4450
584 7899
647 287
845 2188
896 5759
929 3741
871 1958
140 5554
194 4545
200 4285
802 5201
85 9849
879 1305
605 7382
281 260
61 9153
404 9632
270 6996
535 8050
160 466
207 9430
740 2089
994 4429
973 3231
515 8539
739 7173
21 8669
973 2176
557 9252
511 2577
81 4837
820 6923
270 1484
886 7089
906 5804
585 6045
133 8112
892 5676
907 2126
665 7865
37 2773
441 755
282 8409
660 7765
341 8838
26 3522
444 8422
257 845
285 7065
868 2142
539 4543
6 805
480 2671
149 7898
762 1738
863 8165
271 7150
558 2303
68 4553
742 3218
739 6760
533 9768
964 3535
599 7790
283 7601
143 9819
623 821
844 1148
397 3454
544 7344
508 1158
659 2406
60 778
682 217
786 7479
239 1424
191 6524
410 5771
912 4506
106 3361
179 2547
719 4248
748 153
958 9562
905 7144
654 1501
906 8764
894 9312
528 4966
444 7575
998 5665
189 3034
157 188
694 4950
310 5068
966 3151
751 7840
344 3685
246 5498
993 4302
154 6503
266 3646
310 2412
377 7511
86 5189
854 6172
558 4083
271 9394
343 714
133 5316
466 9005
196 6099
783 8568
65 3892
545 9380
234 9410
407 6698
109 3852
362 8716
257 2837
361 6447
530 1110
503 918
983 1152
819 1197
553 115
565 7636
204 6101
992 8699
79 6620
29 4536
585 6664
515 5436
503 3046
882 1877
675 759
868 7594
511 1556
707 8722
271 2845
960 1877
513 9175
275 5524
223 2068
687 5266
153 8653
316 4716
503 90
135 2183
411 7005
116 5368
962 5085
993 5983
57 7824
669 5699
928 7327
853 3628
503 3440
859 8128
745 6077
81 545
612 2250
339 2749
931 4466
471 5473
840 1693
129 1938
920 153
977 6121
172 5328
6 8645
624 2099
538 1859
986 478
907 3748
292 6082
331 3987
735 2256
721 669
493 8017
709 4543
480 9685
837 2838
310 752
79 7813
809 3481
579 5085
943 7784
614 7468
215 3280
361 7520
506 5507
114 7692
712 4593
609 834
377 7205
889 8670
859 8208
959 6725
890 3168
649 5038
474 50
186 8579
47 9768
399 8799
318 7261
119 8759
802 4175
767 3232
418 7514
718 7728
749 5794
353 7958
682 607
126 9312
701 1923
973 6774
705 7174
293 6158
308 7751
11 2691
449 7625
151 482
65 603
116 6918
997 482
627 9185
142 3745
351 2980
291 8175
450 828
954 9343
868 4774
283 5658
408 6160
850 8590
566 4770
251 6650
252 716
985 1668
149 1719
903 4981
725 4776
107 4396
923 9427
255 2749
91 5372
145 4208
865 4958
117 7427
16 9624
393 6318
967 8581
648 5996
15 6571
289 9633
613 6163
290 5544
939 9690
468 7748
496 8861
584 5722
281 8938
895 728
506 2497
472 1363
32 521
453 2865
212 6999
921 1101
85 9226
740 8209
752 1697
738 5382
129 43
255 3206
279 3625
562 5839
918 7912
760 2809
171 7424
296 5232
448 8203
553 9749
201 6011
236 1473
33 637
333 3327
708 6137
531 6423
628 1837
813 7785
975 1258
169 4374
182 2893
668 2281
512 7705
259 963
63 1959
969 163
987 615
251 9556
234 4019
507 9936
358 7942
130 9037
174 2337
594 7942
315 3148
392 9115
395 5849
905 9059
22 5258
216 8515
677 7084
51 1536
443 3015
385 5301
236 6676
969 9892
928 1593
929 7098
39 2101
601 3875
341 3706
906 3992
51 7087
344 2162
676 9424
859 5911
446 5704
70 6909
210 1240
267 8454
345 7445
390 5236
685 7273
725 5670
896 76
133 7325
669 5236
674 2390
551 7071
494 1017
927 1578
281 5704
965 724
315 8702
155 7526
322 2582
169 5500
124 6711
733 9205
632 4848
525 4628
216 5764
153 6193
263 4889
258 9055
632 6108
811 9184
260 4264
965 7127
652 4574
507 120
971 5974
36 4027
232 1094
293 7768
396 8863
979 7169
361 4963
203 5483
538 2975
82 8460
996 5169
433 7245
371 255
180 2397
868 5375
348 1039
65 838
931 383
151 4648
863 576
744 6898
212 7193
675 7457
431 4414
874 7212
381 5865
109 6869
475 8165
913 3831
205 4654
692 5781
618 6904
639 7109
108 4901
828 1789
38 7970
162 9571
27 9601
14 7837
400 3810
674 6887
107 3780
296 9134
964 3581
587 5209
341 8521
776 278
738 310
562 5414
554 1846
167 3389
312 4943
543 1329
517 6338
147 8557
795 6916
48 6172
305 1902
482 1695
903 4621
493 6420
50 595
905 1268
682 6787
984 2466
207 235
178 1151
831 1518
207 6072
628 4347
614 4354
877 6423
676 4661
356 2182
802 6509
929 9610
205 6294
913 5978
116 7461
278 594
181 4100
250 8484
1 8710
781 4080
778 4208
913 5761
535 2391
404 1789
322 3210
70 9759
720 7123
768 8998
327 2276
736 3681
626 443
894 6014
497 4158
867 2495
574 850
409 4000
760 7703
93 6321
461 8294
855 3496
606 4783
257 3924
274 5326
601 4377
409 600
394 3689
702 5034
544 8287
781 550
399 8410
761 3706
408 2807
479 8520
165 7853
700 9940
74 1019
295 3658
983 9330
58 568
519 2935
975 4466
852 1265
551 2676
578 1395
156 6684
741 976
135 4917
788 4501
353 1965
256 2953
971 6404
61 9329
11 5265
184 5395
682 1420
886 9703
967 7656
684 1737
483 6869
904 6261
588 5638
906 6645
497 74
39 6694
646 9849
604 6646
327 9968
585 2665
411 3689
108 3768
822 9092
748 993
81 7140
9 9783
43 4915
553 3912
908 9630
56 3810
503 4404
604 8094
739 6500
820 3208
224 3417
105 4404
523 6634
78 2213
205 4345
836 8825
607 8638
552 1844
108 1001
982 456
266 5367
771 3037
130 1120
972 6726
285 2221
637 6791
546 8508
494 9094
306 2068
764 3571
747 862
499 600
795 3705
705 3051
858 7254
621 8038
75 4123
595 8743
468 8556
128 5566
708 8105
964 2765
210 6253
672 4457
379 9515
376 3788
739 9477
181 9875
277 5885
139 4237
627 9134
609 2111
853 9701
256 7555
472 2672
128 5384
500 8179
783 92
900 2709
223 1806
593 5279
107 8950
176 2683
920 640
876 4452
938 8058
520 3502
554 5898
452 3724
747 7810
545 2923
453 9875
966 396
104 8235
392 865
495 1678
627 1985
19 3602
241 5803
606 5938
347 5468
322 2895
792 3218
941 4875
36 8595
869 9688
562 4932
327 5321
907 9527
743 8430
459 6299
635 9238
191 7086
240 2005
295 3431
250 5845
740 4641
859 571
798 3883
478 1151
838 7185
117 6698
371 6751
629 7443
225 8277
927 9372
961 8683
120 1913
918 503
933 1359
556 8212
204 5534
457 8647
881 3414
565 4254
438 7710
408 1754
857 9906
349 2778
406 7485
208 9573
607 8333
597 4520
22 6727
437 514
77 5306
840 4344
990 633
46 3296
549 1871
580 4962
68 5338
244 339
116 7924
408 8944
868 6874
558 8616
135 9474
552 8154
20 4509
814 6989
332 96
728 653
948 674
896 1126
87 7848
538 8475
814 5506
429 1133
76 8281
154 5189
156 1295
120 6711
217 3290
150 9672
12 6236
331 3964
616 695
368 3411
536 4916
115 263
90 6974
832 8652
784 255
535 2260
448 6211
505 41
103 7603
245 4625
648 4319
554 1394
709 3659
705 3237
647 6325
592 2073
687 7534
859 6706
358 3776
382 9690
302 1493
704 8917
309 2101
704 1560
536 8411
730 3300
45 3183
193 9635
871 2754
78 250
322 9517
402 6669
726 7360
488 613
302 5083
576 7869
137 4955
56 631
542 4797
208 6759
410 1078
612 2289
923 7454
207 157
406 4794
662 5636
656 9079
790 4064
676 8382
816 277
498 1329
284 2743
373 3986
783 3339
449 8267
344 1990
630 9210
663 6307
463 2552
697 3222
209 3220
298 4359
774 217
598 1440
716 5801
481 4765
508 6213
551 6116
806 7232
498 5333
674 8606
815 1193
500 4303
206 830
403 314
534 3255
965 5611
827 2183
622 8738
890 776
893 1690
254 4370
838 9400
983 804
136 2643
249 8481
25 6161
815 9063
892 3524
838 21
275 294
257 3723
257 3591
680 8083
211 2231
920 9569
290 7103
854 8173
329 7127
770 5836
668 7816
977 7370
432 6693
216 791
163 2676
321 405
479 6789
379 1577
12 9088
318 9058
978 1222
676 5237
761 1620
746 7529
364 1441
257 4867
588 4032
76 3233
375 5020
47 3643
48 7538
326 3367
944 878
965 1057
114 955
528 1282
870 1444
63 3203
83 8983
423 8160
379 446
829 9679
263 7966
337 4256
899 5990
527 3383
750 8298
175 4204
260 8045
999 5492
125 1726
169 3878
432 5995
329 2583
742 514
311 8103
134 120
438 4492
747 3396
385 3774
157 6645
942 9263
819 258
302 4117
960 1430
155 3652
529 9084
430 2675
609 960
825 2758
861 2351
822 5135
626 4994
741 3259
385 8373
369 478
92 541
798 6311
779 5910
340 5451
102 2738
821 6846
873 6630
941 3251
360 7481
183 8117
251 9572
917 5005
615 9229
953 5658
487 7999
891 5321
983 8578
488 5688
490 4761
498 8179
24 6591
572 5671
273 7248
729 3512
980 3984
556 911
267 1231
811 4472
481 6882
232 763
435 8967
897 6123
162 418
530 4736
914 5652
242 9028
50 4289
537 1814
677 6322
305 2617
879 9657
239 212
36 2146
379 4049
163 7516
835 6610
732 3597
366 6731
818 894
545 1896
275 731
371 5138
951 8324
997 9259
875 4980
636 7653
865 1754
899 8226
274 8900
767 5629
238 9788
736 5601
683 4970
215 102
349 6500
582 8759
248 5623
298 1305
563 3551
530 1294
298 2438
543 9517
742 3162
413 793
421 6367
154 1180
132 8658
979 2241
342 8167
18 2193
303 690
664 4600
904 7551
101 2961
606 6466
255 5982
498 5904
417 2149
941 9591
957 182
713 9361
371 8462
702 7196
362 4349
542 9396
437 6380
331 3844
746 9101
413 3234
51 8846
827 5371
274 7658
806 6676
266 3042
575 9099
459 8574
387 7287
483 9181
530 4089
836 6196
575 6423
618 6272
372 9905
490 4364
561 137
507 1893
550 740
415 3132
173 5707
805 33
958 2100
738 9616
796 8345
433 220
768 8677
99 2268
891 5342
599 1717
432 263
399 1088
332 1992
731 2257
388 5233
940 6498
882 7912
11 2096
711 7839
183 5749
320 6859
535 4967
586 5087
781 634
702 8477
739 8379
818 1133
476 5489
745 5150
734 2207
56 9484
395 7673
769 7937
775 7406
154 7831
689 1958
276 1825
912 224
209 6862
338 44
422 5910
394 428
268 591
92 2869
427 6364
847 8826
850 6482
770 3241
646 2618
801 6545
854 151
328 1489
712 4481
342 1591
634 5272
533 6679
458 6407
997 926
147 5725
88 9089
266 1573
407 7934
527 7115
85 1528
424 4524
27 2885
373 9277
110 9354
944 2437
60 1451
482 2577
983 1593
870 7939
664 2331
419 9016
941 2103
37 2036
151 7699
226 3915
438 5235
471 3650
278 9464
817 5195
983 9387
838 6112
688 8043
635 5319
609 4022
353 8504
872 3272
375 4123
159 7164
862 1763
677 5309
895 4087
88 4114
930 7717
911 3366
104 8746
858 6894
936 9941
611 9897
919 922
777 1220
843 6623
745 6000
163 2569
683 6903
563 4376
815 6359
825 1809
525 8902
619 6754
851 8788
681 7723
15 3060
957 6968
241 1978
549 3227
849 6369
369 391
312 593
848 1883
259 9994
705 2410
571 1073
974 9529
634 6447
234 4945
667 4484
896 7266
233 6681
658 6852
78 4825
194 8206
949 9926
870 9914
796 612
605 717
479 8054
126 3309
189 6401
847 5452
396 8174
658 8081
346 9414
446 6553
756 5931
107 7456
661 6185
462 8300
213 6961
572 9331
400 6361
414 4529
189 2230
630 9892
695 3378
551 1476
908 8442
855 560
464 7606
536 300
755 9571
755 6994
294 9768
80 8216
547 9858
218 7004
532 298
527 6984
875 5720
449 1156
983 8569
10 7000
911 4891
848 4864
515 3727
297 8735
728 5622
389 9052
267 1021
231 4820
823 1165
462 3448
431 3354
426 340
495 3657
225 874
225 6830
72 5586
801 8136
862 6919
653 8316
937 1510
561 1380
753 5677
496 4180
344 5983
782 2319
24 3158
497 2565
221 7449
675 1344
173 4798
383 8899
386 6244
514 7184
851 1599
109 5166
545 2139
815 3669
848 1649
631 4662
332 9544
701 3413
329 1708
156 2549
892 8549
346 182
81 8416
11 3729
264 2466
65 524
41 9114
252 3525
545 4938
586 5418
431 7745
288 4217
981 9763
470 6340
888 6309
209 6977
159 9132
899 4555
635 2591
56 4910
785 1898
363 5472
348 3826
763 4966
383 8893
637 5348
916 3165
927 3924
615 6248
908 748
77 1854
337 117
23 1235
177 1236
145 2009
906 1584
56 4281
106 7620
585 8755
647 6868
568 9319
483 4283
558 4483
83 1762
861 7524
378 5990
458 2937
523 6714
949 9832
840 699
283 445
726 2097
716 5690
444 9183
403 8652
970 2091
725 970
804 6805
566 3635
158 8886
228 3778
715 535
601 37
869 7237
288 7901
698 8060
157 6570
611 9423
957 6224
228 3054
496 7359
328 5549
353 573
207 6484
369 7270
48 1716
603 2948
337 4114
350 2203
455 5557
616 1989
910 1152
926 124
700 3520
926 1883
241 3927
475 4421
345 3921
404 8180
801 1903
619 2124
424 2848
961 2221
775 760
316 4663
651 7229
381 6283
407 1561
432 5306
188 9106
384 4357
778 2781
53 5210
389 6474
377 3456
931 1542
389 1995
567 3354
113 7702
716 1341
921 6780
63 5366
278 3301
959 5821
926 4710
418 8498
278 661
870 4195
21 4330
137 5611
152 5397
743 6068
421 7892
593 4309
1 9886
17 660
26 6921
574 6079
899 5655
716 1532
29 3176
188 2134
680 7659
340 6058
20 9700
448 8829
896 1523
414 5190
850 668
905 1359
18 7850
123 9922
352 4395
50 7696
579 603
130 3117
602 1959
969 318
727 4282
333 661
489 7098
620 1781
322 4384
403 8033
391 9172
373 8308
581 7761
155 847
894 3284
238 8556
673 472
783 368
37 9626
907 4751
411 6115
212 592
724 4899
634 1831
215 8397
568 3389
48 1958
718 7293
139 8980
263 1872
428 3033
856 2501
220 8452
77 8638
741 6256
370 8336
927 1503
402 1933
763 4002
398 8387
127 9977
934 6318
610 6174
153 1651
875 8100
132 3768
268 302
753 988
977 5487
94 6829
516 5717
220 6815
747 442
795 9973
711 2509
837 3193
510 2838
363 7123
125 3119
218 516
283 4999
300 8702
41 6902
740 404
585 2017
86 6833
647 5100
894 7657
981 2393
253 2688
880 8691
880 6441
563 5389
859 3243
110 8688
686 2429
130 4392
645 5338
741 3522
538 6384
568 9325
777 5975
631 3214
958 2670
357 3963
654 9562
2 1237
977 6885
127 9565
604 4188
616 6588
331 8289
978 4097
618 4975
358 5719
395 9507
482 7277
490 8523
192 5464
427 8799
360 6549
137 8432
316 4362
278 3465
652 1795
734 4881
521 4267
715 2065
39 9499
569 2332
839 4749
25 9315
838 3672
487 8867
665 9029
929 4913
696 2377
90 2417
882 1364
510 3367
599 3533
152 4243
307 4119
969 8866
550 9698
446 1537
204 9388
411 2822
688 5041
421 4897
162 5705
433 8702
118 5857
572 7522
240 3351
884 3081
324 8190
308 7387
604 9982
679 8629
165 153
892 476
298 3720
760 1654
551 1337
393 5533
234 9064
920 4177
50 5351
702 4844
924 5289
478 1937
675 1599
933 2138
766 4630
783 7611
87 7282
2 7026
680 7736
424 6113
645 1582
645 8817
345 5878
581 1916
759 7395
683 2634
570 1035
985 2513
2 6596
225 6917
528 8119
400 2359
385 8966
53 2753
866 4416
349 8476
644 6862
92 2993
260 2989
383 6672
305 8019
405 9417
281 226
173 4389
658 9282
400 4397
756 8537
854 9152
256 2492
259 6906
733 7121
335 5607
951 5377
717 9426
97 6210
580 1451
219 1753
330 5984
725 1852
485 1502
250 734
270 1237
388 5357
200 3123
380 8643
116 7458
416 8112
840 2450
227 4366
928 908
358 675
427 7507
843 5929
780 7108
609 2919
652 5264
500 858
567 9273
747 3239
882 6766
224 5126
589 349
150 9991
357 9429
336 7376
50 1284
142 9046
974 6828
935 4984
254 9105
368 8895
752 4257
529 868
458 2318
436 2275
752 2339
39 9659
649 3341
769 4540
915 357
992 9456
853 6316
495 9486
821 6178
282 3429
323 5075
331 9650
869 8427
96 2860
486 7326
17 2531
541 5238
930 1407
947 4542
898 7698
505 4213
529 9242
727 8358
535 23
804 9547
973 6169
818 2126
904 304
515 9038
363 4000
530 7352
589 8731
138 1423
964 7518
567 6084
296 7213
454 1424
133 7176
199 1532
431 7019
187 3354
479 8403
58 5356
393 2383
734 4572
924 7108
838 5615
37 864
734 2327
410 3000
213 6300
75 5058
233 6666
550 207
226 5783
136 1980
382 6764
120 967
701 1792
363 6512
971 2434
48 4638
854 5809
135 1437
436 6587
238 2897
306 4648
666 3313
519 6538
673 8567
546 7096
212 7808
126 7279
70 2331
194 4826
611 1785
774 5165
325 1659
447 4627
213 1811
59 3882
882 451
763 5364
902 2547
465 3633
81 6926
85 8010
640 7292
974 6211
388 710
846 1167
683 999
9 1619
246 7
818 8455
336 3810
260 2876
592 7217
115 4374
359 2845
770 3579
940 1439
82 854
64 9580
641 1055
221 4452
450 5486
456 4904
262 810
264 9701
863 9431
659 1599
168 4122
848 3250
94 7634
565 5558
996 5863
716 5504
435 8429
483 132
935 8075
912 8055
310 2736
545 3368
420 6924
354 9160
110 9282
756 5012
261 2277
263 955
512 706
568 3827
682 9859
287 9636
119 3469
895 4121
527 3405
140 7807
526 4189
112 6036
195 3297
931 7465
829 2304
933 8686
992 3441
147 7195
373 2503
713 7066
53 9406
874 3351
471 5523
927 769
927 2349
537 1418
453 8804
100 4000
817 8999
655 1030
67 6645
437 8587
133 2058
912 583
1 5857
262 9624
974 7053
576 8136
256 6796
145 1502
272 6534
337 2033
33 6724
75 7436
818 3849
845 9729
667 884
294 3281
216 6799
655 6557
181 4216
620 7916
403 5506
654 195
49 4010
543 4150
182 7320
395 2231
667 8566
414 2469
549 836
71 5610
243 3215
13 3716
273 5458
25 9019
287 2805
310 3644
191 5689
51 6963
112 4591
262 6593
824 3646
211 8656
477 4842
29 977
586 2377
592 99
815 1828
637 1956
975 4087
243 9661
305 4261
301 1552
867 9847
437 2351
296 2330
327 2698
705 4119
312 4538
866 1533
910 7340
790 4803
983 9501
456 3956
394 6619
280 2430
42 7636
540 5936
782 9343
693 406
87 6570
267 3340
458 1414
303 3323
856 9121
812 4168
322 8765
265 2954
909 8304
923 6072
854 1303
938 7554
841 7895
589 4477
234 1974
543 1634
973 6673
86 4161
483 8783
903 6740
259 2338
102 7067
20 2580
884 5718
142 6928
230 2158
711 2995
241 3520
348 5903
876 830
463 5582
254 2770
930 7435
217 6691
782 4412
102 472
538 7040
619 555
273 7557
836 502
659 4414
760 5418
289 8721
623 1000
829 9636
569 8850
619 643
430 174
216 4900
664 6998
469 2997
36 8765
671 1358
266 9655
156 8295
60 6102
871 9167
887 2819
819 3159
146 8862
711 1999
994 715
240 5682
933 3423
420 456
452 2596
712 4241
598 9840
494 3383
677 864
317 6001
167 737
907 7539
697 9406
267 77
428 9842
908 2329
362 7421
843 4148
603 1295
890 1262
854 4406
245 7954
688 7452
667 90
91 5716
804 4335
873 7609
366 2711
787 2569
762 7984
313 1214
986 5670
817 4674
320 5828
442 771
176 6210
515 5295
98 5773
862 8202
269 3764
450 8304
913 3073
783 6322
242 5630
614 4921
487 4004
673 3926
951 7472
652 9489
259 7271
832 3093
739 1786
558 6698
899 189
952 3420
75 1519
591 4754
75 339
969 373
294 6317
320 9582
859 7780
603 6344
184 1161
431 1254
346 8794
579 4614
311 5437
625 4489
260 2561
80 5928
681 2334
673 8670
395 8108
424 8641
222 688
819 1095
790 4432
592 6421
675 5973
766 375
988 8372
160 1696
184 6299
211 5784
64 443
777 9290
960 8744
851 5449
441 3354
393 7626
72 8662
445 1563
335 8861
833 5036
410 2009
733 5950
646 398
48 6892
28 181
624 8258
900 7091
186 9752
200 8211
916 5389
366 5640
653 8308
222 4438
650 97
484 556
917 4483
784 3246
995 5649
892 781
962 3042
651 7919
361 1585
336 1550
760 9899
639 2887
878 7675
334 1004
793 1882
330 4907
463 1443
277 9813
58 4379
379 9060
841 3052
445 5270
541 802
738 96
997 901
151 6425
663 4109
783 8789
793 540
421 469
375 1585
379 7102
914 7189
567 1655
715 6324
727 7945
567 6907
708 8172
619 9107
359 2797
221 8967
75 3510
298 4883
774 1210
678 8442
379 546
647 3404
593 5757
412 912
235 8511
808 4478
384 9314
485 2374
832 5443
239 8455
421 4190
51 3811
693 6848
57 2701
142 6818
715 6086
489 7520
629 1361
272 6433
296 7040
517 5859
172 4103
476 9252
694 9008
814 4307
848 2932
742 1234
433 8899
599 1786
955 2489
574 9092
612 8669
29 4415
199 2592
983 8652
510 8494
596 7499
102 6033
40 5423
81 7795
78 8853
439 929
179 3819
956 871
712 7777
868 6910
578 8285
51 9831
774 1958
961 6250
743 4756
606 1471
855 3691
113 1707
501 5247
99 5194
474 6578
748 6889
112 8652
780 5055
964 3823
107 5999
830 3893
850 7510
759 955
711 2811
633 8501
191 4316
23 839
85 7656
849 1875
805 6536
424 1674
325 7904
959 7535
709 3104
102 4922
815 9816
677 1283
238 1016
178 7435
287 7948
615 810
649 830
485 4637
864 7733
268 7685
358 7668
571 4044
930 6034
489 4881
803 5639
806 4590
225 4969
336 5482
268 814
113 2514
675 1554
735 3727
716 1323
408 7219
255 7579
598 6027
422 6964
349 3520
401 4352
990 4837
779 4555
523 8147
628 8003
168 1858
723 2895
800 280
358 398
720 9535
105 5073
3 3479
858 712
675 600
120 2279
982 3376
212 8872
426 9323
469 3990
344 2948
157 7448
694 3511
142 1880
277 7494
380 500
924 348
179 6484
195 927
526 6036
666 1222
597 1997
868 7648
970 9160
150 4293
592 791
238 7845
708 1101
980 1284
777 4201
700 1608
307 8508
991 2976
902 8485
520 8538
111 1779
776 5538
185 7059
218 4643
288 6506
296 5719
564 5231
331 1886
169 1271
471 5662
269 8297
804 6523
498 5576
412 8146
683 9751
529 1284
821 9145
203 5304
299 5
862 2421
139 7938
168 6510
395 8054
324 9499
160 7915
211 1147
21 8781
356 9366
511 9870
620 4767
50 546
690 1148
804 9222
578 5893
665 9102
391 8440
949 2803
857 6558
56 9695
961 6532
30 7568
348 6523
888 8050
919 7055
173 9750
295 7538
38 4223
796 9985
229 7841
294 5374
813 6893
47 6684
241 5113
159 6903
787 5649
216 5119
993 168
218 9563
969 3880
981 2488
378 1141
715 276
612 1415
255 1511
884 8840
84 8900
583 7048
512 8130
385 8823
471 9670
140 1171
338 4038
952 9132
363 5907
747 2920
61 9343
970 1124
890 5775
285 2581
772 4496
395 520
567 9855
985 8977
151 6078
99 9369
891 8622
11 3238
721 4580
487 8963
234 4435
778 1585
708 2294
69 6099
680 1597
92 1705
225 6451
306 9486
462 9791
221 4290
10 2612
585 4319
909 6900
831 2948
262 2629
64 4669
253 6495
789 7193
291 8960
908 3209
913 8322
773 2999
836 3489
632 7430
71 3649
613 1852
522 8080
331 6549
496 6430
411 9161
830 7757
252 8826
370 82
394 9392
600 5660
334 2301
652 3864
353 1458
887 6839
488 3336
187 6957
388 9452
1000 4060
490 2718
230 1848
604 5900
77 2059
493 207
598 3446
457 238
890 8549
413 5790
247 6893
732 6117
452 2485
441 4219
22 990
49 828
897 6021
868 5538
789 8127
537 3824
382 8865
662 5029
618 9980
880 4119
260 508
400 7292
408 3507
991 1131
701 9211
200 1784
963 1722
95 5249
138 8860
986 8314
137 1279
495 3522
903 2519
850 5157
627 6520
27 3729
373 1886
744 779
261 7132
343 4087
870 6314
387 6542
142 4832
43 8481
795 1632
910 7028
902 5283
153 5756
912 1804
323 3002
83 2890
776 1702
832 455
586 6519
957 3444
757 3928
822 2826
10 496
976 1315
946 4052
80 2122
757 2207
963 4333
136 7909
263 5226
116 810
863 345
799 2891
761 7694
138 8384
664 2718
895 7246
741 1837
503 5904
308 3069
542 2449
7 3739
71 5298
559 5321
547 4206
15 6821
165 8662
904 230
275 4315
50 16
85 1764
10 4065
901 980
235 3102
170 5404
204 9542
280 4064
361 1562
883 1350
907 5271
91 7429
442 3274
503 5607
921 6697
64 7777
893 5323
387 2149
480 4902
3 1640
395 2714
608 525
588 3950
511 8239
941 300
571 8745
525 7847
472 4013
972 4966
14 974
103 2244
566 1078
578 995
248 6953
944 9057
122 6602
478 8338
287 3081
320 4417
717 4149
894 3612
458 6639
3 5418
736 8930
255 2974
218 1101
178 7709
703 9135
87 8107
515 7302
904 7382
719 1637
69 7381
798 4357
506 8740
351 2866
856 7751
168 161
442 2858
184 6255
356 1696
757 7401
535 5885
992 4459
113 8974
707 7506
494 2016
748 8426
134 6563
654 3897
114 3991
741 4005
165 8969
179 1261
515 9606
653 362
114 1222
107 3409
220 7000
325 1098
955 8684
699 5032
809 449
363 2798
47 8942
933 5016
20 6160
481 4673
285 9536
493 9659
372 9800
21 9498
258 485
836 4479
576 3477
160 6161
192 531
331 9210
360 1000
293 693
708 1406
917 9225
250 1080
967 5397
407 2534
685 2460
957 7778
614 6058
536 1214
43 8450
610 2464
346 9554
116 2153
504 6676
720 3475
232 5796
373 9427
858 5148
897 7974
859 3825
284 8303
433 5544
953 4592
157 7046
495 4840
303 3199
105 104
608 6648
675 4220
694 8111
259 3394
821 5277
424 1631
604 6030
854 3672
327 2814
357 2489
432 759
804 2661
501 5589
139 3299
754 1155
803 4243
462 8362
824 7477
871 2507
783 3082
64 43
72 4559
582 667
481 2278
766 2908
666 8189
202 8198
138 1470
120 1054
208 5276
519 873
586 10
839 4332
191 4762
843 1061
103 7325
883 8907
925 3526
803 6465
724 5757
298 6921
470 9390
211 7499
552 1607
882 8330
554 7111
121 2752
436 1140
253 7311
371 6626
950 95
353 9473
998 2185
1 7630
386 5153
73 724
113 35
885 3542
148 7323
4 8788
899 8381
485 7558
49 3019
329 920
545 7301
747 8699
523 7846
30 9100
729 3872
376 5030
106 6466
501 7448
341 2218
893 6737
525 8840
573 4248
157 1423
793 1057
976 3205
857 7473
523 5872
69 604
55 3397
268 99
480 9135
952 2644
443 3585
155 4804
541 136
327 4399
646 7065
839 8899
955 3155
359 5631
455 8282
505 9568
523 1977
373 574
24 2577
63 8992
635 4855
792 14
818 4430
565 6946
696 2710
774 6243
142 2693
847 964
594 1448
82 8558
125 2400
376 6586
511 4647
575 6100
443 534
389 7989
354 3078
859 6532
477 5523
232 4775
17 7524
216 4357
320 2510
958 2415
972 8265
664 39
976 5448
446 1391
842 6487
372 6372
360 5285
714 5112
643 8713
236 8572
698 1471
994 2467
176 714
224 5562
328 8495
760 3533
571 5299
98 3775
166 2898
384 3543
914 9007
291 9108
219 4273
337 9004
575 5862
684 3572
391 7272
338 2678
591 5566
412 3913
445 8918
568 3523
298 7367
264 7665
559 2463
469 6000
107 7472
96 2112
115 5677
890 7432
356 5042
665 1574
251 6098
15 9354
266 5193
110 4778
301 710
76 4677
693 5598
60 4692
691 6251
74 5880
343 2149
825 8169
952 5458
851 5715
288 5659
108 1867
221 7890
82 2474
252 4486
548 3543
571 5552
149 5975
666 3263
865 5560
791 1356
504 5938
458 2134
943 7681
395 8761
420 793
11 682
923 8879
353 231
69 8004
546 8604
507 2616
942 2468
82 8007
566 5608
315 7946
235 1356
841 3171
851 692
804 3783
927 4245
278 223
454 9938
520 6200
555 6806
761 7588
555 8452
919 2267
273 1497
456 3000
297 190
897 6770
940 7531
574 7738
872 790
386 377
952 8799
88 9015
214 2405
562 1607
195 5768
571 7322
940 5749
597 1489
840 6212
401 7052
822 8136
666 649
386 113
255 239
968 6258
408 8640
655 3919
323 6495
101 9220
340 8236
557 3647
748 1910
751 1496
59 9344
748 590
726 6811
459 6569
33 743
334 5845
454 287
279 4301
219 9861
707 9285
856 893
128 7159
806 6195
457 1036
883 6553
248 4207
148 2941
751 4995
563 6225
320 3561
405 948
234 653
953 4210
422 2864
148 9523
767 3128
287 7004
550 2246
281 7444
996 358
916 2163
455 6243
238 2064
640 1205
765 9152
451 7959
611 522
83 7685
900 9915
789 1505
984 5400
403 2555
800 7622
65 8304
662 4432
594 5412
655 5929
992 4400
956 9244
747 8984
942 6721
594 1198
234 1905
819 4676
532 2133
532 3960
514 3516
489 6286
942 7666
97 2554
965 5955
883 5043
442 5971
566 6227
210 1398
470 2665
214 2151
407 4415
442 1799
931 8578
537 4326
841 7815
452 5402
67 1681
234 7745
699 1516
910 8551
873 5582
160 8703
452 8791
807 3369
871 7273
687 8020
818 2278
855 3481
806 100
266 9743
144 1998
678 4718
814 4563
78 4264
814 2513
446 5339
41 38
180 2605
325 493
117 2986
5 4195
824 5804
636 822
274 30
772 3441
438 1539
608 4916
478 5467
730 1422
286 1907
245 8895
933 4731
687 7637
481 4112
98 6011
557 8598
753 4454
628 9381
410 6388
828 8901
791 5534
449 1617
83 9399
172 6278
184 6813
707 7457
539 1780
416 991
103 8577
939 3897
494 8552
5 7495
227 3246
985 984
884 8989
522 5812
428 3027
425 1322
599 4510
674 5948
756 5782
561 3381
371 8294
222 3328
576 5825
728 4160
6 6069
666 85
68 7585
925 1650
813 952
978 7446
119 7592
454 2754
53 2717
850 6127
859 4808
453 8762
89 230
406 2674
185 5665
85 3134
218 1190
126 103
104 637
588 8050
847 1917
508 1917
22 6965
33 4313
440 6074
233 882
643 6298
879 6685
710 8084
100 1637
770 8894
436 4536
638 4339
975 1561
611 2742
10 2915
183 7809
774 6869
182 8557
982 806
40 7973
270 8215
251 4034
469 3501
137 6961
206 8568
104 6258
596 8641
554 4093
834 1922
188 6164
324 4195
416 2371
927 5097
255 8597
569 8260
474 6646
679 7190
690 4077
389 9148
67 5826
83 9594
587 3522
615 9030
304 1140
655 4448
995 8491
861 3978
427 2410
358 8139
399 7681
678 3926
467 9224
652 1356
855 8157
334 7040
986 7274
795 8769
150 3924
63 8409
209 1453
944 5069
46 4203
964 7156
295 824
856 321
598 8045
620 5533
889 8064
572 9624
663 95
368 9258
26 6000
923 8163
571 2175
628 1337
405 2131
333 9923
78 5451
626 9296
616 8724
768 7482
14 213
629 6740
363 6254
349 7200
457 9377
377 68
582 834
9 1651
988 7505
635 2988
262 9392
194 5968
615 6339
63 3820
301 7583
147 8182
921 4314
568 8775
327 7635
12 3268
687 8783
617 2388
38 4269
773 8977
316 3377
769 7759
726 3929
267 3962
133 1693
275 1681
863 5433
99 3421
548 1135
770 3018
637 874
